latitude,longitude,zone
-6.2001,106.7917,0
-6.2088,106.8456,1
-6.2181,106.8957,0
-6.2309,106.9535,2
-6.2355,106.9807,1
-6.2436,107.0078,2
-6.2561,107.0419,0
-6.2698,107.0793,2
-6.2817,107.1134,1
-6.2973,107.1459,2
-6.3119,107.1802,0
-6.3283,107.2138,1
-6.3453,107.2486,0
-6.3629,107.2834,2
-6.3812,107.3182,1
-6.4000,107.3500,2
-6.4100,107.3750,0
-6.4200,107.4000,1
-6.4300,107.4250,0
-6.4400,107.4500,2
-6.4600,107.4800,1
-6.4700,107.5000,0
-6.4800,107.5200,2
-6.4900,107.5400,1
-6.5000,107.5600,2
-6.5100,107.5800,0
-6.5200,107.6000,1
